% -------------------------------------------------------------------
%  Generated by MATLAB on 27-Nov-2025 07:39:21
%  MATLAB version: 25.2.0.2998904 (R2025b)
% -------------------------------------------------------------------
                                                   

Li_den = 6;

Li_num = [1 -3 2 0];

P3 = [0 1.0000000000000009 -1 3.0000000000000018 4];

P3_at_4 = 64.000000000000057;

P4 = [-2.5416666666666692 16.250000000000014 -28.958333333333361 18.250000000000014 ...
      4];

a = -2.5416666666666692;

i = 4;

idx = [1 2 3];

n = 4;

phi = [1 -6 11 -6 0];

phi_at_4 = 24;

x = [0 1 2 3];

x_new = 4;

x_others = [0 1 2];

xx = [0 0.010025062656641603 0.020050125313283207 0.03007518796992481 0.040100250626566414 ...
      0.050125313283208017 0.060150375939849621 0.070175438596491224 0.080200501253132828 ...
      0.090225563909774431 0.10025062656641603 0.11027568922305764 0.12030075187969924 ...
      0.13032581453634084 0.14035087719298245 0.15037593984962405 0.16040100250626566 ...
      0.17042606516290726 0.18045112781954886 0.19047619047619047 0.20050125313283207 ...
      0.21052631578947367 0.22055137844611528 0.23057644110275688 0.24060150375939848 ...
      0.25062656641604009 0.26065162907268169 0.27067669172932329 0.2807017543859649 ...
      0.2907268170426065 0.3007518796992481 0.31077694235588971 0.32080200501253131 ...
      0.33082706766917291 0.34085213032581452 0.35087719298245612 0.36090225563909772 ...
      0.37092731829573933 0.38095238095238093 0.39097744360902253 0.40100250626566414 ...
      0.41102756892230574 0.42105263157894735 0.43107769423558895 0.44110275689223055 ...
      0.45112781954887216 0.46115288220551376 0.47117794486215536 0.48120300751879697 ...
      0.49122807017543857 0.50125313283208017 0.51127819548872178 0.52130325814536338 ...
      0.531328320802005 0.54135338345864659 0.55137844611528819 0.56140350877192979 ...
      0.5714285714285714 0.581453634085213 0.5914786967418546 0.60150375939849621 ...
      0.61152882205513781 0.62155388471177941 0.631578947368421 0.64160401002506262 ...
      0.65162907268170422 0.66165413533834583 0.67167919799498743 0.681704260651629 ...
      0.69172932330827064 0.70175438596491224 0.71177944862155385 0.72180451127819545 ...
      0.731829573934837 0.74185463659147866 0.75187969924812026 0.76190476190476186 ...
      0.77192982456140347 0.78195488721804507 0.79197994987468667 0.80200501253132828 ...
      0.81203007518796988 0.82205513784461148 0.83208020050125309 0.84210526315789469 ...
      0.85213032581453629 0.8621553884711779 0.8721804511278195 0.8822055137844611 ...
      0.89223057644110271 0.90225563909774431 0.91228070175438591 0.92230576441102752 ...
      0.93233082706766912 0.94235588972431072 0.95238095238095233 0.96240601503759393 ...
      0.97243107769423553 0.98245614035087714 0.99248120300751874 1.0025062656641603 ...
      1.0125313283208019 1.0225563909774436 1.0325814536340852 1.0426065162907268 ...
      1.0526315789473684 1.06265664160401 1.0726817042606516 1.0827067669172932 ...
      1.0927318295739348 1.1027568922305764 1.112781954887218 1.1228070175438596 ...
      1.1328320802005012 1.1428571428571428 1.1528822055137844 1.162907268170426 ...
      1.1729323308270676 1.1829573934837092 1.1929824561403508 1.2030075187969924 ...
      1.213032581453634 1.2230576441102756 1.2330827067669172 1.2431077694235588 ...
      1.2531328320802004 1.263157894736842 1.2731829573934836 1.2832080200501252 ...
      1.2932330827067668 1.3032581453634084 1.31328320802005 1.3233082706766917 ...
      1.3333333333333333 1.3433583959899749 1.3533834586466165 1.3634085213032581 ...
      1.3734335839598997 1.3834586466165413 1.3934837092731829 1.4035087719298245 ...
      1.4135338345864661 1.4235588972431077 1.4335839598997493 1.4436090225563909 ...
      1.4536340852130325 1.4636591478696741 1.4736842105263157 1.4837092731829573 ...
      1.4937343358395989 1.5037593984962405 1.5137844611528821 1.5238095238095237 ...
      1.5338345864661653 1.5438596491228069 1.5538847117794485 1.5639097744360901 ...
      1.5739348370927317 1.5839598997493733 1.5939849624060149 1.6040100250626566 ...
      1.6140350877192982 1.6240601503759398 1.6340852130325814 1.644110275689223 ...
      1.6541353383458646 1.6641604010025062 1.6741854636591478 1.6842105263157894 ...
      1.694235588972431 1.7042606516290726 1.7142857142857142 1.7243107769423558 ...
      1.7343358395989974 1.744360902255639 1.7543859649122806 1.7644110275689222 ...
      1.7744360902255638 1.7844611528822054 1.794486215538847 1.8045112781954886 ...
      1.8145363408521302 1.8245614035087718 1.8345864661654134 1.844611528822055 ...
      1.8546365914786966 1.8646616541353382 1.8746867167919798 1.8847117794486214 ...
      1.8947368421052631 1.9047619047619047 1.9147869674185463 1.9248120300751879 ...
      1.9348370927318295 1.9448621553884711 1.9548872180451127 1.9649122807017543 ...
      1.9749373433583959 1.9849624060150375 1.9949874686716791 2.0050125313283207 ...
      2.0150375939849625 2.0250626566416039 2.0350877192982457 2.0451127819548871 ...
      2.0551378446115289 2.0651629072681703 2.0751879699248121 2.0852130325814535 ...
      2.0952380952380953 2.1052631578947367 2.1152882205513786 2.12531328320802 ...
      2.1353383458646618 2.1453634085213031 2.155388471177945 2.1654135338345863 ...
      2.1754385964912282 2.1854636591478696 2.1954887218045114 2.2055137844611528 ...
      2.2155388471177946 2.225563909774436 2.2355889724310778 2.2456140350877192 ...
      2.255639097744361 2.2656641604010024 2.2756892230576442 2.2857142857142856 ...
      2.2957393483709274 2.3057644110275688 2.3157894736842106 2.325814536340852 ...
      2.3358395989974938 2.3458646616541352 2.355889724310777 2.3659147869674184 ...
      2.3759398496240602 2.3859649122807016 2.3959899749373434 2.4060150375939848 ...
      2.4160401002506267 2.426065162907268 2.43609022556391 2.4461152882205512 ...
      2.4561403508771931 2.4661654135338344 2.4761904761904763 2.4862155388471177 ...
      2.4962406015037595 2.5062656641604009 2.5162907268170427 2.5263157894736841 ...
      2.5363408521303259 2.5463659147869673 2.5563909774436091 2.5664160401002505 ...
      2.5764411027568923 2.5864661654135337 2.5964912280701755 2.6065162907268169 ...
      2.6165413533834587 2.6265664160401 2.6365914786967419 2.6466165413533833 ...
      2.6566416040100251 2.6666666666666665 2.6766917293233083 2.6867167919799497 ...
      2.6967418546365916 2.7067669172932329 2.7167919799498748 2.7268170426065161 ...
      2.736842105263158 2.7468671679197993 2.7568922305764412 2.7669172932330826 ...
      2.7769423558897244 2.7869674185463658 2.7969924812030076 2.807017543859649 ...
      2.8170426065162908 2.8270676691729322 2.837092731829574 2.8471177944862154 ...
      2.8571428571428572 2.8671679197994986 2.8771929824561404 2.8872180451127818 ...
      2.8972431077694236 2.907268170426065 2.9172932330827068 2.9273182957393482 ...
      2.93734335839599 2.9473684210526314 2.9573934837092732 2.9674185463659146 ...
      2.9774436090225564 2.9874686716791978 2.9974937343358397 3.007518796992481 ...
      3.0175438596491229 3.0275689223057642 3.0375939849624061 3.0476190476190474 ...
      3.0576441102756893 3.0676691729323307 3.0776942355889725 3.0877192982456139 ...
      3.0977443609022557 3.1077694235588971 3.1177944862155389 3.1278195488721803 ...
      3.1378446115288221 3.1478696741854635 3.1578947368421053 3.1679197994987467 ...
      3.1779448621553885 3.18796992481203 3.1979949874686717 3.2080200501253131 ...
      3.2180451127819549 3.2280701754385963 3.2380952380952381 3.2481203007518795 ...
      3.2581453634085213 3.2681704260651627 3.2781954887218046 3.2882205513784459 ...
      3.2982456140350878 3.3082706766917291 3.318295739348371 3.3283208020050123 ...
      3.3383458646616542 3.3483709273182956 3.3583959899749374 3.3684210526315788 ...
